1.0000e+00
1.0000e+00
9.9999e-01
7.0848e-01
1.0000e+00
1.0000e+00
1.0000e+00
1.0000e+00
1.0000e+00
1.0000e+00
1.0000e+00
1.0000e+00
1.0000e+00
1.0000e+00
9.9996e-01
1.0000e+00
1.0000e+00
1.0000e+00
1.0000e+00
1.0000e+00
9.9909e-01
1.0000e+00
1.0000e+00
1.0000e+00
1.0000e+00
1.0000e+00
1.0000e+00
8.6897e-01
1.0000e+00
1.0000e+00
1.0000e+00
1.0000e+00
9.9981e-01
1.0000e+00
1.0000e+00
9.9999e-01
1.0000e+00
1.0000e+00
1.0000e+00
9.9986e-01
1.0000e+00
1.0000e+00
1.0000e+00
1.0000e+00
1.0000e+00
1.0000e+00
1.0000e+00
1.0000e+00
1.0000e+00
1.0000e+00
1.0000e+00
1.0000e+00
1.0000e+00
1.0000e+00
1.0000e+00
9.9999e-01
1.0000e+00
1.0000e+00
9.9939e-01
1.0000e+00
1.0000e+00
1.0000e+00
1.0000e+00
1.0000e+00
1.0000e+00
1.0000e+00
1.0000e+00
9.9833e-01
9.9998e-01
1.0000e+00
1.0000e+00
1.0000e+00
1.0000e+00
1.0000e+00
9.9990e-01
1.0000e+00
1.0000e+00
1.0000e+00
1.0000e+00
1.0000e+00
9.9998e-01
1.0000e+00
1.0000e+00
1.0000e+00
1.0000e+00
1.0000e+00
1.0000e+00
1.0000e+00
1.0000e+00
1.0000e+00
9.9995e-01
9.9988e-01
9.9664e-01
9.9999e-01
1.0000e+00
1.0000e+00
1.0000e+00
9.9954e-01
1.0000e+00
1.0000e+00
1.0000e+00
1.0000e+00
1.0000e+00
1.0000e+00
9.9999e-01
1.0000e+00
1.0000e+00
1.0000e+00
1.0000e+00
1.0000e+00
1.0000e+00
1.0000e+00
1.0000e+00
1.0000e+00
1.0000e+00
1.0000e+00
1.0000e+00
1.0000e+00
1.0000e+00
1.0000e+00
1.0000e+00
1.0000e+00
1.0000e+00
1.0000e+00
1.0000e+00
1.0000e+00
1.0000e+00
1.0000e+00
1.0000e+00
1.0000e+00
1.0000e+00
9.9997e-01
1.0000e+00
1.0000e+00
1.0000e+00
1.0000e+00
5.9703e-01
1.0000e+00
1.0000e+00
1.0000e+00
1.0000e+00
1.0000e+00
9.9950e-01
1.0000e+00
1.0000e+00
1.0000e+00
1.0000e+00
1.0000e+00
1.0000e+00
9.9993e-01
1.0000e+00
1.0000e+00
1.0000e+00
1.0000e+00
1.0000e+00
1.0000e+00
1.0000e+00
1.0000e+00
1.0000e+00
1.0000e+00
1.0000e+00
1.0000e+00
9.9997e-01
1.0000e+00
1.0000e+00
1.0000e+00
1.0000e+00
1.0000e+00
1.0000e+00
1.0000e+00
1.0000e+00
1.0000e+00
1.0000e+00
9.9981e-01
1.0000e+00
1.0000e+00
1.0000e+00
1.0000e+00
1.0000e+00
1.0000e+00
1.0000e+00
1.0000e+00
9.9841e-01
1.0000e+00
1.0000e+00
1.0000e+00
1.0000e+00
1.0000e+00
1.0000e+00
9.9999e-01
1.0000e+00
1.0000e+00
1.0000e+00
1.0000e+00
9.9836e-01
1.0000e+00
1.0000e+00
1.0000e+00
1.0000e+00
9.9833e-01
1.0000e+00
9.9999e-01
3.6141e-01
1.0000e+00
1.0000e+00
1.0000e+00
1.0000e+00
9.9998e-01
1.0000e+00
9.9999e-01
1.0000e+00
9.9989e-01
1.0000e+00
1.0000e+00
1.0000e+00
1.0000e+00
9.9950e-01
1.0000e+00
1.0000e+00
9.9154e-01
1.0000e+00
1.0000e+00
1.0000e+00
1.0000e+00
1.0000e+00
1.0000e+00
1.0000e+00
1.0000e+00
1.0000e+00
1.0000e+00
1.0000e+00
1.0000e+00
1.0000e+00
1.0000e+00
1.0000e+00
1.0000e+00
9.9995e-01
9.9999e-01
1.0000e+00
1.0000e+00
1.0000e+00
1.0000e+00
1.0000e+00
1.0000e+00
1.0000e+00
9.9932e-01
9.9999e-01
1.0000e+00
1.0000e+00
1.0000e+00
9.8528e-01
1.0000e+00
1.0000e+00
1.0000e+00
1.0000e+00
1.0000e+00
1.0000e+00
1.0000e+00
1.0000e+00
1.0000e+00
1.0000e+00
1.0000e+00
1.0000e+00
9.9865e-03
1.0000e+00
1.0000e+00
9.9999e-01
1.0000e+00
1.0000e+00
1.0000e+00
1.2736e-01
1.0000e+00
1.0000e+00
1.0000e+00
1.0000e+00
9.9998e-01
1.0000e+00
1.0000e+00
1.0000e+00
1.0000e+00
1.0000e+00
1.0000e+00
1.0000e+00
1.0000e+00
1.0000e+00
1.0000e+00
1.0000e+00
1.0000e+00
9.9588e-01
1.0000e+00
1.0000e+00
1.0000e+00
1.0000e+00
1.0000e+00
1.0000e+00
1.0000e+00
9.9995e-01
1.0000e+00
1.0000e+00
1.0000e+00
1.0000e+00
1.0000e+00
1.0000e+00
1.0000e+00
1.0000e+00
1.0000e+00
9.9997e-01
1.0000e+00
1.0000e+00
1.0000e+00
6.7295e-01
1.0000e+00
1.0000e+00
1.0000e+00
1.0000e+00
1.0000e+00
1.0000e+00
9.9988e-01
1.0000e+00
1.0000e+00
1.0000e+00
9.9995e-01
1.0000e+00
1.0000e+00
1.0000e+00
1.0000e+00
1.0000e+00
1.0000e+00
9.9999e-01
1.0000e+00
1.0000e+00
1.0000e+00
1.0000e+00
1.0000e+00
9.9999e-01
1.0000e+00
1.0000e+00
1.0000e+00
1.0000e+00
9.9989e-01
9.9999e-01
1.0000e+00
1.0000e+00
1.0000e+00
1.0000e+00
9.9999e-01
1.0000e+00
1.0000e+00
9.9993e-01
9.9966e-01
1.0000e+00
1.0000e+00
1.0000e+00
1.0000e+00
1.0000e+00
1.0000e+00
1.0000e+00
9.9991e-01
1.0000e+00
1.0000e+00
1.0000e+00
1.0000e+00
1.0000e+00
1.0000e+00
1.0000e+00
1.0000e+00
1.0000e+00
1.0000e+00
1.0000e+00
9.9997e-01
1.0000e+00
1.0000e+00
9.9873e-01
1.0000e+00
1.0000e+00
9.9970e-01
9.9999e-01
1.0000e+00
1.0000e+00
9.9997e-01
1.0000e+00
7.8607e-01
1.0000e+00
1.0000e+00
1.0000e+00
1.0000e+00
1.0000e+00
1.0000e+00
1.0000e+00
1.3759e-01
9.9843e-01
9.9999e-01
1.0000e+00
1.0000e+00
1.0000e+00
9.9998e-01
1.0000e+00
1.0000e+00
1.0000e+00
1.0000e+00
9.9560e-01
1.0000e+00
1.0000e+00
1.0000e+00
1.0000e+00
1.0000e+00
1.0000e+00
9.9914e-01
1.0000e+00
1.0000e+00
1.0000e+00
9.9978e-01
1.0000e+00
1.0000e+00
1.0000e+00
1.0000e+00
1.0000e+00
1.0000e+00
9.9986e-01
1.0000e+00
1.0000e+00
1.0000e+00
9.9997e-01
1.0000e+00
9.7802e-01
1.0000e+00
1.0000e+00
1.0000e+00
1.0000e+00
1.0000e+00
1.0000e+00
1.0000e+00
9.9995e-01
9.9999e-01
9.9999e-01
1.0000e+00
1.0000e+00
1.0000e+00
1.0000e+00
1.0000e+00
1.0000e+00
1.0000e+00
1.0000e+00
1.0000e+00
1.0000e+00
1.0000e+00
1.0000e+00
9.9999e-01
1.0000e+00
9.9594e-01
1.0000e+00
1.0000e+00
1.0000e+00
1.0000e+00
1.0000e+00
1.0000e+00
1.0000e+00
1.0000e+00
1.0000e+00
1.0000e+00
1.0000e+00
1.0000e+00
1.0000e+00
1.0000e+00
9.9999e-01
1.0000e+00
1.0000e+00
1.0000e+00
1.0000e+00
1.0000e+00
1.0000e+00
1.0000e+00
1.0000e+00
1.0000e+00
9.9999e-01
1.0000e+00
9.9976e-01
1.0000e+00
1.0000e+00
1.0000e+00
1.0000e+00
9.9992e-01
1.0000e+00
1.0000e+00
1.0000e+00
1.0000e+00
1.0000e+00
1.0000e+00
1.0000e+00
1.0000e+00
1.0000e+00
1.0000e+00
1.0000e+00
1.0000e+00
1.0000e+00
1.0000e+00
1.0000e+00
1.0000e+00
1.0000e+00
1.0000e+00
1.0000e+00
1.0000e+00
1.0000e+00
1.0000e+00
1.0000e+00
1.0000e+00
1.0000e+00
1.0000e+00
9.9999e-01
1.0000e+00
1.0000e+00
1.0000e+00
9.9999e-01
9.9986e-01
1.0000e+00
1.0000e+00
1.0000e+00
1.0000e+00
1.0000e+00
1.0000e+00
1.0000e+00
1.0000e+00
1.0000e+00
1.0000e+00
1.0000e+00
1.0000e+00
1.0000e+00
1.0000e+00
1.0000e+00
1.0000e+00
1.0000e+00
1.0000e+00
1.0000e+00
1.0000e+00
1.0000e+00
8.8192e-01
1.0000e+00
1.0000e+00
1.0000e+00
1.0000e+00
1.0000e+00
1.0000e+00
1.0000e+00
1.0000e+00
9.9999e-01
1.0000e+00
1.0000e+00
1.0000e+00
1.0000e+00
1.0000e+00
9.9985e-01
1.0000e+00
1.0000e+00
1.0000e+00
9.9855e-01
1.0000e+00
1.0000e+00
1.0000e+00
1.0000e+00
1.0000e+00
9.9992e-01
1.0000e+00
1.0000e+00
1.0000e+00
1.0000e+00
9.9999e-01
1.0000e+00
1.0000e+00
9.9999e-01
9.9997e-01
1.0000e+00
1.0000e+00
1.0000e+00
1.0000e+00
1.0000e+00
1.0000e+00
1.0000e+00
1.0000e+00
1.0000e+00
1.0000e+00
1.0000e+00
1.0000e+00
1.0000e+00
9.9999e-01
1.0000e+00
1.0000e+00
9.9997e-01
1.0000e+00
1.0000e+00
1.0000e+00
1.0000e+00
1.0000e+00
1.0000e+00
1.0000e+00
1.0000e+00
9.9968e-01
9.9994e-01
9.9999e-01
1.0000e+00
1.0000e+00
9.9999e-01
9.9997e-01
1.0000e+00
9.9999e-01
1.0000e+00
1.0000e+00
1.0000e+00
1.0000e+00
1.0000e+00
1.0000e+00
9.7413e-01
1.0000e+00
1.0000e+00
1.0000e+00
9.9918e-01
1.0000e+00
9.9998e-01
1.0000e+00
1.0000e+00
1.0000e+00
1.0000e+00
1.0000e+00
1.0000e+00
9.9998e-01
1.0000e+00
1.0000e+00
1.0000e+00
1.0000e+00
1.0000e+00
1.0000e+00
9.9999e-01
1.0000e+00
1.0000e+00
1.0000e+00
1.0000e+00
1.0000e+00
9.9994e-01
9.9976e-01
1.0000e+00
1.0000e+00
9.9998e-01
9.9797e-01
1.0000e+00
1.0000e+00
1.0000e+00
1.0000e+00
1.0000e+00
1.0000e+00
1.0000e+00
9.9980e-01
1.0000e+00
1.0000e+00
1.0000e+00
9.9999e-01
1.0000e+00
1.0000e+00
1.0000e+00
9.9978e-01
1.0000e+00
1.0000e+00
1.0000e+00
1.0000e+00
9.9994e-01
1.0000e+00
1.0000e+00
1.0000e+00
1.0000e+00
1.0000e+00
9.9999e-01
1.0000e+00
1.0000e+00
1.0000e+00
9.9982e-01
1.0000e+00
1.0000e+00
1.0000e+00
1.0000e+00
1.0000e+00
1.0000e+00
7.7420e-01
1.0000e+00
9.9999e-01
1.0000e+00
1.0000e+00
1.0000e+00
1.0000e+00
1.0000e+00
1.0000e+00
1.0000e+00
1.0000e+00
1.0000e+00
9.9985e-01
9.9986e-01
1.0000e+00
9.9997e-01
1.0000e+00
1.0000e+00
1.0000e+00
1.0000e+00
1.0000e+00
1.0000e+00
1.0000e+00
9.9366e-01
1.0000e+00
1.0000e+00
1.0000e+00
1.0000e+00
1.0000e+00
9.9994e-01
1.0000e+00
1.0000e+00
9.9999e-01
1.0000e+00
1.0000e+00
1.0000e+00
8.6362e-01
1.0000e+00
1.0000e+00
1.0000e+00
9.8804e-01
1.0000e+00
1.0000e+00
1.0000e+00
9.9997e-01
1.0000e+00
1.0000e+00
9.9941e-01
1.0000e+00
9.9994e-01
1.0000e+00
9.9980e-01
1.0000e+00
1.0000e+00
1.0000e+00
9.9577e-01
9.9998e-01
1.0000e+00
1.0000e+00
1.0000e+00
1.0000e+00
1.0000e+00
9.9999e-01
1.0000e+00
1.0000e+00
9.9999e-01
1.0000e+00
1.0000e+00
1.0000e+00
1.0000e+00
9.9988e-01
1.0000e+00
9.9999e-01
1.0000e+00
1.0000e+00
1.0000e+00
1.0000e+00
9.9987e-01
9.9997e-01
1.0000e+00
1.0000e+00
1.0000e+00
1.0000e+00
1.0000e+00
1.0000e+00
9.9529e-01
9.9999e-01
1.0000e+00
1.0000e+00
1.0000e+00
8.5079e-01
1.0000e+00
1.0000e+00
1.0000e+00
1.0000e+00
1.0000e+00
1.0000e+00
1.0000e+00
1.0000e+00
9.9999e-01
1.0000e+00
1.0000e+00
1.0000e+00
1.0000e+00
9.9974e-01
1.0000e+00
1.0000e+00
1.0000e+00
1.0000e+00
1.0000e+00
1.0000e+00
1.0000e+00
1.0000e+00
9.9905e-01
1.0000e+00
1.0000e+00
1.0000e+00
1.0000e+00
1.0000e+00
1.0000e+00
1.0000e+00
1.0000e+00
1.0000e+00
1.0000e+00
1.0000e+00
1.0000e+00
1.0000e+00
1.0000e+00
1.0000e+00
1.0000e+00
1.0000e+00
9.9982e-01
1.0000e+00
1.0000e+00
1.0000e+00
1.0000e+00
1.0000e+00
9.9996e-01
1.0000e+00
1.0000e+00
1.0000e+00
1.0000e+00
1.0000e+00
1.0000e+00
9.9998e-01
1.0000e+00
1.0000e+00
1.0000e+00
1.0000e+00
9.9971e-01
1.0000e+00
1.0000e+00
1.0000e+00
9.9944e-01
1.0000e+00
1.0000e+00
1.0000e+00
1.0000e+00
1.0000e+00
1.0000e+00
1.0000e+00
9.9946e-01
1.0000e+00
1.0000e+00
9.9743e-01
9.9970e-01
1.0000e+00
9.6565e-01
1.0000e+00
1.0000e+00
1.0000e+00
8.2789e-01
1.0000e+00
1.0000e+00
9.9999e-01
1.0000e+00
9.9999e-01
1.0000e+00
5.1732e-01
1.0000e+00
1.0000e+00
1.0000e+00
9.9981e-01
1.0000e+00
1.0000e+00
1.0000e+00
1.0000e+00
1.0000e+00
1.0000e+00
1.0000e+00
9.9999e-01
1.0000e+00
1.0000e+00
9.9928e-01
1.0000e+00
1.0000e+00
1.0000e+00
1.0000e+00
9.9996e-01
1.0000e+00
1.0000e+00
1.0000e+00
1.0000e+00
1.0000e+00
1.0000e+00
1.0000e+00
1.0000e+00
1.0000e+00
1.0000e+00
1.0000e+00
9.4427e-01
1.0000e+00
1.0000e+00
9.9999e-01
1.0000e+00
1.0000e+00
9.7185e-01
9.9999e-01
1.0000e+00
1.0000e+00
1.0000e+00
1.0000e+00
1.0000e+00
1.0000e+00
1.0000e+00
1.0000e+00
1.0000e+00
1.0000e+00
9.9992e-01
1.0000e+00
1.0000e+00
1.0000e+00
9.9996e-01
1.0000e+00
1.0000e+00
1.0000e+00
1.0000e+00
1.0000e+00
1.0000e+00
1.0000e+00
1.0000e+00
1.0000e+00
1.0000e+00
1.0000e+00
1.0000e+00
1.0000e+00
1.0000e+00
1.0000e+00
9.9999e-01
1.0000e+00
1.0000e+00
1.0000e+00
1.0000e+00
1.0000e+00
1.0000e+00
1.0000e+00
1.0000e+00
1.0000e+00
9.9959e-01
1.0000e+00
9.9995e-01
1.0000e+00
1.0000e+00
1.0000e+00
1.0000e+00
1.0000e+00
1.0000e+00
1.0000e+00
1.0000e+00
1.0000e+00
9.9998e-01
1.0000e+00
1.0000e+00
9.9999e-01
1.0000e+00
9.9958e-01
1.0000e+00
1.0000e+00
1.0000e+00
1.0000e+00
1.0000e+00
9.9999e-01
9.9999e-01
1.0000e+00
1.0000e+00
1.0000e+00
1.0000e+00
1.0000e+00
1.0000e+00
1.0000e+00
1.0000e+00
1.0000e+00
1.0000e+00
1.0000e+00
1.0000e+00
1.0000e+00
1.0000e+00
1.0000e+00
1.0000e+00
1.0000e+00
1.0000e+00
1.0000e+00
9.9995e-01
1.0000e+00
1.0000e+00
1.0000e+00
1.0000e+00
1.0000e+00
9.9999e-01
9.9997e-01
9.9907e-01
1.0000e+00
1.0000e+00
1.0000e+00
9.9994e-01
1.0000e+00
1.0000e+00
9.9996e-01
1.0000e+00
1.0000e+00
1.0000e+00
9.9982e-01
1.0000e+00
1.0000e+00
1.0000e+00
1.0000e+00
9.9999e-01
9.9998e-01
1.0000e+00
1.0000e+00
1.0000e+00
1.0000e+00
1.0000e+00
1.0000e+00
9.5697e-01
1.0000e+00
1.0000e+00
1.0000e+00
1.0000e+00
9.9980e-01
1.0000e+00
1.0000e+00
9.9943e-01
1.0000e+00
1.0000e+00
1.0000e+00
9.9162e-01
9.9984e-01
1.0000e+00
1.0000e+00
1.0000e+00
1.0000e+00
1.0000e+00
1.0000e+00
9.9968e-01
1.0000e+00
1.0000e+00
1.0000e+00
1.0000e+00
1.0000e+00
1.0000e+00
1.0000e+00
9.9999e-01
1.0000e+00
1.0000e+00
1.0000e+00
1.0000e+00
1.0000e+00
1.0000e+00
1.0000e+00
1.0000e+00
1.0000e+00
1.0000e+00
1.0000e+00
9.9999e-01
9.9854e-01
1.0000e+00
1.0000e+00
9.9994e-01
1.0000e+00
1.0000e+00
9.9928e-01
1.0000e+00
1.0000e+00
1.0000e+00
1.0000e+00
1.0000e+00
1.0000e+00
1.0000e+00
1.0000e+00
1.0000e+00
1.0000e+00
1.0000e+00
1.0000e+00
1.0000e+00
1.0000e+00
1.0000e+00
9.9969e-01
9.9996e-01
9.9977e-01
9.9936e-01
9.9995e-01
9.9995e-01
1.0000e+00
9.9913e-01
1.0000e+00
1.0000e+00
1.0000e+00
1.0000e+00
9.9990e-01
1.0000e+00
9.9989e-01
1.0000e+00
1.0000e+00
1.0000e+00
1.0000e+00
1.0000e+00
1.0000e+00
1.0000e+00
1.0000e+00
1.0000e+00
1.0000e+00
1.0000e+00
1.0000e+00
1.0000e+00
1.0000e+00
1.0000e+00
1.0000e+00
1.0000e+00
1.0000e+00
1.0000e+00
1.0000e+00
1.0000e+00
1.0000e+00
1.0000e+00
1.0000e+00
1.0000e+00
1.0000e+00
1.0000e+00
1.0000e+00
1.0000e+00
1.0000e+00
1.0000e+00
6.7226e-01
1.0000e+00
1.0000e+00
1.0000e+00
1.0000e+00
1.0000e+00
9.9945e-01
1.0000e+00
1.0000e+00
1.0000e+00
1.0000e+00
1.0000e+00
1.0000e+00
7.2704e-01
1.0000e+00
1.0000e+00
1.0000e+00
1.0000e+00
1.0000e+00
9.9996e-01
9.9999e-01
9.9997e-01
1.0000e+00
1.0000e+00
1.0000e+00
9.9999e-01
9.9887e-01
1.0000e+00
1.0000e+00
1.0000e+00
1.0000e+00
9.9904e-01
1.0000e+00
1.0000e+00
1.0000e+00
1.0000e+00
1.0000e+00
9.9980e-01
1.0000e+00
9.9999e-01
1.0000e+00
1.0000e+00
1.0000e+00
1.0000e+00
1.0000e+00
1.0000e+00
9.9963e-01
1.0000e+00
1.0000e+00
1.0000e+00
9.9986e-01
1.0000e+00
1.0000e+00
1.0000e+00
1.0000e+00
1.0000e+00
1.0000e+00
1.0000e+00
9.9997e-01
1.0000e+00
1.0000e+00
1.0000e+00
1.0000e+00
1.0000e+00
1.0000e+00
9.9996e-01
9.6023e-01
9.9993e-01
1.0000e+00
1.0000e+00
1.0000e+00
1.0000e+00
1.0000e+00
1.0000e+00
1.0000e+00
9.9995e-01
1.0000e+00
1.0000e+00
1.0000e+00
1.0000e+00
9.8714e-01
1.0000e+00
9.9998e-01
9.7555e-01
1.0000e+00
1.0000e+00
1.0000e+00
1.0000e+00
1.0000e+00
1.0000e+00
1.0000e+00
1.0000e+00
1.0000e+00
1.0000e+00
1.0000e+00
1.0000e+00
1.0000e+00
1.0000e+00
1.0000e+00
1.0000e+00
9.9485e-01
1.0000e+00
1.0000e+00
1.0000e+00
1.0000e+00
1.0000e+00
1.0000e+00
1.0000e+00
1.0000e+00
1.0000e+00
1.0000e+00
1.0000e+00
1.0000e+00
1.0000e+00
4.2173e-01
1.0000e+00
1.0000e+00
1.0000e+00
1.0000e+00
1.0000e+00
9.9999e-01
1.0000e+00
1.0000e+00
1.0000e+00
1.0000e+00
1.0000e+00
1.0000e+00
3.2173e-02
1.0000e+00
1.0000e+00
9.9971e-01
1.0000e+00
1.0000e+00
1.0000e+00
4.1082e-01
1.0000e+00
1.0000e+00
1.0000e+00
1.0000e+00
9.9998e-01
1.0000e+00
1.0000e+00
1.0000e+00
1.0000e+00
1.0000e+00
1.0000e+00
1.0000e+00
1.0000e+00
1.0000e+00
1.0000e+00
1.0000e+00
1.0000e+00
8.6109e-01
1.0000e+00
9.9982e-01
1.0000e+00
1.0000e+00
9.9999e-01
1.0000e+00
1.0000e+00
9.9999e-01
1.0000e+00
1.0000e+00
1.0000e+00
1.0000e+00
1.0000e+00
1.0000e+00
1.0000e+00
1.0000e+00
1.0000e+00
1.0000e+00
1.0000e+00
1.0000e+00
1.0000e+00
9.9023e-01
9.9998e-01
1.0000e+00
1.0000e+00
1.0000e+00
1.0000e+00
9.9985e-01
1.0000e+00
1.0000e+00
1.0000e+00
1.0000e+00
9.9966e-01
1.0000e+00
1.0000e+00
1.0000e+00
1.0000e+00
1.0000e+00
1.0000e+00
9.9997e-01
1.0000e+00
1.0000e+00
1.0000e+00
1.0000e+00
1.0000e+00
1.0000e+00
1.0000e+00
1.0000e+00
1.0000e+00
1.0000e+00
9.9994e-01
9.9995e-01
1.0000e+00
1.0000e+00
1.0000e+00
1.0000e+00
1.0000e+00
1.0000e+00
1.0000e+00
1.0000e+00
9.9890e-01
1.0000e+00
1.0000e+00
1.0000e+00
1.0000e+00
1.0000e+00
1.0000e+00
1.0000e+00
1.0000e+00
1.0000e+00
1.0000e+00
1.0000e+00
1.0000e+00
1.0000e+00
1.0000e+00
1.0000e+00
1.0000e+00
1.0000e+00
1.0000e+00
1.0000e+00
9.9702e-01
1.0000e+00
1.0000e+00
1.0000e+00
1.0000e+00
1.0000e+00
9.9995e-01
1.0000e+00
1.0000e+00
1.0000e+00
9.9991e-01
1.0000e+00
7.5254e-01
1.0000e+00
1.0000e+00
1.0000e+00
1.0000e+00
1.0000e+00
1.0000e+00
1.0000e+00
3.4775e-01
9.9993e-01
1.0000e+00
1.0000e+00
1.0000e+00
1.0000e+00
9.9967e-01
1.0000e+00
1.0000e+00
1.0000e+00
1.0000e+00
6.8243e-01
1.0000e+00
1.0000e+00
1.0000e+00
1.0000e+00
1.0000e+00
1.0000e+00
9.9881e-01
1.0000e+00
1.0000e+00
9.9980e-01
9.9999e-01
1.0000e+00
1.0000e+00
1.0000e+00
1.0000e+00
1.0000e+00
1.0000e+00
9.9680e-01
1.0000e+00
1.0000e+00
1.0000e+00
9.9986e-01
1.0000e+00
9.9982e-01
1.0000e+00
1.0000e+00
1.0000e+00
1.0000e+00
1.0000e+00
1.0000e+00
1.0000e+00
9.9995e-01
1.0000e+00
1.0000e+00
1.0000e+00
9.9990e-01
1.0000e+00
1.0000e+00
1.0000e+00
1.0000e+00
1.0000e+00
1.0000e+00
1.0000e+00
1.0000e+00
1.0000e+00
1.0000e+00
1.0000e+00
1.0000e+00
9.8239e-01
9.9968e-01
1.0000e+00
1.0000e+00
9.9999e-01
1.0000e+00
1.0000e+00
1.0000e+00
9.9988e-01
1.0000e+00
1.0000e+00
1.0000e+00
9.9998e-01
1.0000e+00
1.0000e+00
1.0000e+00
1.0000e+00
1.0000e+00
1.0000e+00
1.0000e+00
1.0000e+00
1.0000e+00
9.9999e-01
1.0000e+00
1.0000e+00
9.9998e-01
1.0000e+00
9.9979e-01
1.0000e+00
1.0000e+00
1.0000e+00
1.0000e+00
9.9989e-01
1.0000e+00
1.0000e+00
1.0000e+00
1.0000e+00
1.0000e+00
1.0000e+00
1.0000e+00
1.0000e+00
1.0000e+00
1.0000e+00
1.0000e+00
9.9999e-01
1.0000e+00
1.0000e+00
1.0000e+00
1.0000e+00
1.0000e+00
1.0000e+00
1.0000e+00
1.0000e+00
1.0000e+00
9.9999e-01
1.0000e+00
1.0000e+00
1.0000e+00
1.0000e+00
9.9990e-01
1.0000e+00
1.0000e+00
9.9989e-01
1.0000e+00
9.9935e-01
1.0000e+00
1.0000e+00
1.0000e+00
1.0000e+00
1.0000e+00
1.0000e+00
1.0000e+00
1.0000e+00
1.0000e+00
1.0000e+00
1.0000e+00
1.0000e+00
9.9994e-01
1.0000e+00
1.0000e+00
1.0000e+00
1.0000e+00
1.0000e+00
1.0000e+00
1.0000e+00
1.0000e+00
9.6965e-01
1.0000e+00
9.9999e-01
1.0000e+00
1.0000e+00
9.9958e-01
1.0000e+00
1.0000e+00
1.0000e+00
1.0000e+00
9.9948e-01
1.0000e+00
9.9998e-01
1.0000e+00
1.0000e+00
8.3547e-01
1.0000e+00
1.0000e+00
1.0000e+00
9.9999e-01
1.0000e+00
9.9996e-01
9.9999e-01
1.0000e+00
1.0000e+00
1.0000e+00
9.9999e-01
1.0000e+00
1.0000e+00
1.0000e+00
1.0000e+00
1.0000e+00
1.0000e+00
1.0000e+00
9.9979e-01
1.0000e+00
1.0000e+00
9.9999e-01
1.0000e+00
1.0000e+00
1.0000e+00
9.9999e-01
1.0000e+00
1.0000e+00
1.0000e+00
1.0000e+00
1.0000e+00
1.0000e+00
9.9999e-01
1.0000e+00
1.0000e+00
9.9998e-01
1.0000e+00
1.0000e+00
1.0000e+00
1.0000e+00
1.0000e+00
1.0000e+00
1.0000e+00
1.0000e+00
9.9989e-01
1.0000e+00
9.9927e-01
1.0000e+00
1.0000e+00
1.0000e+00
9.9979e-01
1.0000e+00
1.0000e+00
1.0000e+00
1.0000e+00
1.0000e+00
1.0000e+00
1.0000e+00
1.0000e+00
9.9977e-01
1.0000e+00
1.0000e+00
1.0000e+00
9.8788e-01
1.0000e+00
1.0000e+00
1.0000e+00
1.0000e+00
1.0000e+00
1.0000e+00
1.0000e+00
1.0000e+00
9.9997e-01
1.0000e+00
1.0000e+00
9.9989e-01
1.0000e+00
1.0000e+00
1.0000e+00
1.0000e+00
1.0000e+00
1.0000e+00
1.0000e+00
1.0000e+00
1.0000e+00
9.9999e-01
1.0000e+00
1.0000e+00
1.0000e+00
1.0000e+00
9.9995e-01
1.0000e+00
1.0000e+00
1.0000e+00
1.0000e+00
1.0000e+00
1.0000e+00
1.0000e+00
9.2499e-01
1.0000e+00
1.0000e+00
1.0000e+00
1.0000e+00
1.0000e+00
1.0000e+00
1.0000e+00
9.9990e-01
9.9999e-01
1.0000e+00
1.0000e+00
1.0000e+00
9.9997e-01
1.0000e+00
1.0000e+00
1.0000e+00
1.0000e+00
1.0000e+00
1.0000e+00
1.0000e+00
1.0000e+00
1.0000e+00
7.7160e-01
1.0000e+00
1.0000e+00
1.0000e+00
1.0000e+00
1.0000e+00
1.0000e+00
9.2742e-01
1.0000e+00
1.0000e+00
1.0000e+00
1.0000e+00
1.0000e+00
1.0000e+00
1.0000e+00
1.0000e+00
1.0000e+00
1.0000e+00
1.0000e+00
9.9999e-01
9.9994e-01
1.0000e+00
1.0000e+00
1.0000e+00
1.0000e+00
1.0000e+00
1.0000e+00
1.0000e+00
1.0000e+00
1.0000e+00
9.3107e-01
1.0000e+00
1.0000e+00
1.0000e+00
1.0000e+00
1.0000e+00
9.9979e-01
1.0000e+00
1.0000e+00
9.9987e-01
1.0000e+00
1.0000e+00
1.0000e+00
9.9979e-01
1.0000e+00
1.0000e+00
1.0000e+00
9.9647e-01
9.9989e-01
1.0000e+00
1.0000e+00
9.9977e-01
1.0000e+00
1.0000e+00
9.9990e-01
9.9999e-01
9.9995e-01
1.0000e+00
1.0000e+00
9.9999e-01
1.0000e+00
1.0000e+00
9.9999e-01
1.0000e+00
1.0000e+00
1.0000e+00
1.0000e+00
1.0000e+00
1.0000e+00
9.9999e-01
1.0000e+00
1.0000e+00
9.9999e-01
1.0000e+00
1.0000e+00
1.0000e+00
1.0000e+00
9.9979e-01
1.0000e+00
1.0000e+00
1.0000e+00
1.0000e+00
1.0000e+00
9.9999e-01
9.9985e-01
9.9999e-01
1.0000e+00
1.0000e+00
9.9998e-01
1.0000e+00
1.0000e+00
1.0000e+00
9.9994e-01
1.0000e+00
1.0000e+00
1.0000e+00
1.0000e+00
7.3713e-01
1.0000e+00
1.0000e+00
9.9999e-01
1.0000e+00
1.0000e+00
1.0000e+00
1.0000e+00
1.0000e+00
1.0000e+00
1.0000e+00
1.0000e+00
1.0000e+00
1.0000e+00
9.9988e-01
1.0000e+00
1.0000e+00
1.0000e+00
9.9998e-01
1.0000e+00
1.0000e+00
1.0000e+00
1.0000e+00
9.9997e-01
1.0000e+00
1.0000e+00
1.0000e+00
1.0000e+00
1.0000e+00
1.0000e+00
1.0000e+00
1.0000e+00
1.0000e+00
1.0000e+00
1.0000e+00
1.0000e+00
1.0000e+00
1.0000e+00
1.0000e+00
1.0000e+00
1.0000e+00
9.9994e-01
1.0000e+00
1.0000e+00
1.0000e+00
1.0000e+00
1.0000e+00
1.0000e+00
1.0000e+00
1.0000e+00
1.0000e+00
1.0000e+00
1.0000e+00
1.0000e+00
1.0000e+00
1.0000e+00
1.0000e+00
1.0000e+00
1.0000e+00
9.9994e-01
1.0000e+00
1.0000e+00
1.0000e+00
9.9942e-01
1.0000e+00
1.0000e+00
1.0000e+00
1.0000e+00
1.0000e+00
1.0000e+00
1.0000e+00
9.9999e-01
9.9951e-01
1.0000e+00
9.9980e-01
9.3105e-01
9.9999e-01
1.7181e-02
9.9998e-01
1.0000e+00
1.0000e+00
9.9910e-01
1.0000e+00
1.0000e+00
1.0000e+00
1.0000e+00
9.9984e-01
1.0000e+00
9.9978e-01
1.0000e+00
1.0000e+00
1.0000e+00
1.0000e+00
1.0000e+00
1.0000e+00
1.0000e+00
9.9999e-01
1.0000e+00
1.0000e+00
1.0000e+00
9.9998e-01
1.0000e+00
1.0000e+00
7.8594e-01
1.0000e+00
9.9999e-01
1.0000e+00
9.9985e-01
9.9995e-01
1.0000e+00
1.0000e+00
1.0000e+00
1.0000e+00
1.0000e+00
1.0000e+00
1.0000e+00
1.0000e+00
1.0000e+00
1.0000e+00
1.0000e+00
9.9799e-01
1.0000e+00
1.0000e+00
1.0000e+00
1.0000e+00
1.0000e+00
9.9975e-01
1.0000e+00
9.9995e-01
1.0000e+00
1.0000e+00
1.0000e+00
1.0000e+00
1.0000e+00
1.0000e+00
1.0000e+00
1.0000e+00
1.0000e+00
1.0000e+00
1.0000e+00
1.0000e+00
1.0000e+00
9.9999e-01
1.0000e+00
1.0000e+00
1.0000e+00
1.0000e+00
1.0000e+00
1.0000e+00
1.0000e+00
1.0000e+00
1.0000e+00
1.0000e+00
9.9999e-01
9.9998e-01
1.0000e+00
1.0000e+00
1.0000e+00
9.9999e-01
9.9999e-01
1.0000e+00
1.0000e+00
1.0000e+00
1.0000e+00
1.0000e+00
1.0000e+00
1.0000e+00
1.0000e+00
9.9653e-01
9.9998e-01
9.9240e-01
9.9886e-01
1.0000e+00
9.9999e-01
1.0000e+00
1.0000e+00
1.0000e+00
1.0000e+00
1.0000e+00
1.0000e+00
1.0000e+00
1.0000e+00
1.0000e+00
9.9999e-01
1.0000e+00
9.9973e-01
1.0000e+00
1.0000e+00
1.0000e+00
1.0000e+00
1.0000e+00
9.6615e-01
1.0000e+00
1.0000e+00
1.0000e+00
1.0000e+00
1.0000e+00
9.9999e-01
1.0000e+00
1.0000e+00
1.0000e+00
9.9998e-01
1.0000e+00
9.9996e-01
1.0000e+00
1.0000e+00
1.0000e+00
1.0000e+00
1.0000e+00
1.0000e+00
1.0000e+00
1.0000e+00
1.0000e+00
1.0000e+00
1.0000e+00
1.0000e+00
1.0000e+00
