2.1760e-07
4.1356e-06
1.9638e-07
9.3338e-05
6.6568e-07
7.8413e-07
2.2995e-08
2.0802e-05
7.8784e-07
4.4964e-09
5.5160e-13
6.2437e-08
1.4631e-07
7.6478e-05
5.9474e-08
1.3786e-06
9.6160e-07
2.3465e-07
6.8014e-08
1.8243e-12
6.4805e-05
7.6880e-09
3.5122e-09
1.3893e-08
3.6463e-07
1.3614e-06
2.2178e-04
1.8123e-12
8.8596e-06
2.8685e-08
6.0242e-08
1.5976e-06
5.4793e-06
1.5822e-09
3.8576e-09
7.1345e-08
1.0940e-03
5.4950e-10
3.4640e-08
2.6840e-05
3.0652e-08
1.3302e-07
5.6502e-08
3.9735e-04
9.6601e-08
9.7439e-06
4.6086e-07
6.9800e-08
5.8187e-09
5.1904e-08
4.8811e-07
7.8617e-10
6.3655e-07
7.6434e-09
3.8245e-10
2.7165e-10
3.1651e-07
5.5781e-06
9.8065e-06
6.9520e-09
1.2736e-01
6.5714e-07
3.7288e-08
4.9075e-13
1.6318e-05
4.1795e-06
4.1784e-07
6.4171e-07
4.2031e-07
1.2243e-08
4.3377e-06
1.9759e-08
1.7463e-06
6.6801e-05
1.5159e-06
4.4994e-08
2.8414e-06
1.9160e-11
2.4433e-10
2.0063e-08
3.6788e-09
1.4122e-05
1.3514e-08
5.3453e-07
1.1277e-07
1.2465e-13
4.0663e-09
2.1137e-05
3.5334e-02
2.0970e-06
1.1827e-07
7.6109e-08
7.7896e-08
4.6164e-12
2.8112e-11
5.5380e-08
2.1026e-07
8.4976e-07
3.1798e-05
4.6663e-07
6.0897e-10
1.1724e-08
8.6563e-14
6.2048e-13
1.4140e-05
7.3063e-07
1.2227e-07
1.2968e-08
4.0092e-07
1.1133e-09
3.0481e-09
2.5780e-08
6.3751e-06
6.4886e-08
1.1946e-05
5.1234e-03
1.4115e-06
1.3727e-05
8.0313e-07
5.6995e-09
8.7744e-07
2.7003e-06
1.6281e-06
5.5058e-08
2.2935e-06
8.6972e-06
1.0498e-10
1.4886e-03
7.4520e-09
6.6506e-01
1.0341e-09
1.4848e-08
9.5595e-09
2.8921e-06
1.4950e-08
1.2526e-08
1.7974e-06
7.0121e-05
5.5290e-12
4.0587e-07
1.0583e-10
2.5957e-05
1.4616e-06
2.9373e-08
1.7623e-07
2.3266e-08
2.2132e-07
1.8756e-08
1.2125e-12
9.8392e-09
4.7409e-09
4.8620e-06
1.6660e-08
1.0956e-06
2.2571e-09
1.6624e-11
3.3912e-07
1.3757e-07
1.7122e-07
5.2667e-09
4.0415e-08
1.7086e-11
1.2074e-08
4.2564e-06
9.3978e-08
2.4077e-08
6.2947e-10
1.2781e-08
3.6125e-07
7.2976e-08
1.2521e-08
8.5185e-03
1.2525e-08
3.0533e-07
2.9609e-07
1.4146e-08
6.2394e-10
2.7454e-07
1.8592e-09
7.3197e-07
9.0286e-12
2.5654e-07
5.8920e-08
1.0428e-07
2.2388e-09
2.7413e-06
4.2268e-06
1.3582e-08
5.7800e-03
1.3300e-08
4.2508e-06
2.0622e-08
1.1557e-09
1.4139e-07
3.0212e-08
7.0833e-05
7.2502e-12
4.2681e-09
1.2216e-08
8.3146e-07
2.7084e-01
9.1785e-07
8.8405e-06
1.3856e-06
1.9657e-05
3.1137e-11
9.6170e-07
4.6163e-07
3.0141e-08
4.3531e-05
8.8236e-09
2.0471e-06
3.0757e-07
2.8151e-08
6.6555e-09
1.7597e-07
2.1805e-10
5.7724e-10
3.0415e-11
7.4219e-10
3.8743e-09
6.4717e-07
1.4931e-07
2.5120e-09
1.1726e-06
5.0210e-06
2.1259e-09
9.5498e-08
5.9696e-06
1.1644e-06
6.5563e-06
3.2026e-04
4.0563e-10
3.3138e-02
2.6794e-06
2.1404e-08
1.6217e-05
3.3873e-08
2.2403e-06
4.8726e-10
2.5571e-10
1.5941e-07
6.5067e-06
3.7502e-07
8.6336e-09
5.4312e-07
6.5881e-04
7.7589e-08
1.4044e-06
4.4224e-12
7.5012e-08
2.2495e-06
1.0559e-08
4.2581e-10
7.1139e-07
6.0555e-10
1.0552e-08
5.1879e-08
1.3433e-09
8.3905e-06
1.5562e-09
1.1594e-03
8.9471e-08
2.0901e-06
3.7857e-05
6.1006e-08
9.9044e-03
2.2075e-09
7.8870e-10
1.7144e-06
9.6609e-07
3.1205e-07
2.0478e-05
2.6227e-09
2.1567e-06
4.5160e-07
3.2810e-06
2.3063e-09
1.9545e-07
1.1297e-09
7.6232e-11
7.9478e-11
5.4964e-06
1.0098e-05
2.2694e-08
1.2855e-07
3.1795e-08
1.1758e-08
4.9822e-05
9.0347e-09
2.3029e-08
8.6196e-13
1.5886e-12
1.8682e-10
8.8812e-07
2.8400e-06
1.3110e-08
1.4070e-09
2.1383e-08
2.6212e-06
2.1490e-05
1.3551e-04
2.3254e-06
1.6605e-09
1.3883e-09
9.3741e-08
4.1621e-07
5.1885e-06
6.9384e-08
1.2150e-06
1.3195e-07
7.2062e-08
7.4016e-06
7.8165e-07
1.9586e-07
2.1260e-06
3.6697e-11
1.9946e-05
7.4519e-06
1.9543e-07
6.5925e-08
1.5111e-10
5.4717e-07
1.3252e-07
9.8136e-07
1.8075e-08
2.1755e-03
1.2805e-08
4.2908e-11
4.4550e-11
1.7868e-06
2.4586e-06
4.1391e-08
5.6032e-06
2.5134e-09
3.6487e-07
2.8319e-07
7.8915e-08
4.7897e-11
2.6405e-08
1.3578e-11
2.1602e-06
2.2463e-10
4.4184e-08
2.3842e-08
8.9612e-07
2.0402e-08
1.6740e-07
1.3062e-09
7.5590e-10
4.1524e-10
1.7594e-07
5.2489e-07
2.7419e-08
2.6087e-08
2.4861e-12
1.8684e-11
1.4861e-08
8.0595e-07
5.3009e-06
1.4475e-06
2.0944e-07
2.6046e-10
1.5514e-12
2.7572e-07
4.8347e-11
2.4221e-09
1.1241e-07
1.9712e-09
5.1383e-07
8.1710e-07
2.6723e-11
1.2185e-08
1.3368e-05
2.1757e-08
4.6328e-07
3.1557e-10
9.6567e-12
2.9004e-04
8.5881e-07
7.6675e-08
2.4904e-06
6.0676e-06
1.6961e-07
4.3591e-09
2.5228e-08
2.8864e-08
1.3504e-10
2.6471e-05
1.2576e-11
4.5920e-09
7.5777e-06
3.6007e-09
6.0662e-08
6.5635e-06
1.2718e-09
2.5275e-09
2.7029e-09
4.3599e-02
1.3931e-09
3.2953e-11
1.5518e-04
7.1259e-10
2.2291e-05
8.3660e-07
7.9278e-06
3.9425e-05
1.2429e-11
1.5274e-08
6.2382e-09
2.8880e-06
6.6857e-06
1.0060e-06
6.1113e-07
3.2313e-08
4.0431e-07
2.2543e-08
1.3264e-07
4.5962e-09
1.0236e-04
1.8562e-07
9.2101e-05
2.9274e-06
1.5444e-09
6.5502e-09
3.1064e-08
5.8613e-05
1.1275e-04
1.3169e-06
1.0839e-04
2.9525e-09
3.2041e-09
2.1329e-06
2.6518e-10
1.2944e-08
3.3105e-12
1.3360e-05
2.2471e-08
2.0150e-08
1.9809e-08
2.1481e-06
3.7278e-06
5.8803e-09
2.0612e-10
2.1762e-05
1.9575e-06
1.5391e-12
1.0473e-08
7.2255e-07
1.1810e-05
5.1124e-06
2.7844e-06
9.6787e-04
2.3366e-06
1.6721e-13
2.2375e-09
3.8481e-08
1.5378e-06
1.2648e-07
4.6395e-07
2.3103e-03
1.6824e-08
1.0056e-14
1.1337e-09
8.2432e-09
9.8445e-10
7.9739e-09
2.9666e-07
2.8936e-06
1.3378e-04
1.7963e-07
3.9830e-07
2.1633e-07
2.2481e-08
2.1078e-07
7.8281e-06
8.5582e-11
4.3377e-09
2.1611e-08
1.2239e-01
4.4733e-06
2.7817e-06
2.7951e-06
9.6191e-08
1.3447e-06
2.8180e-09
1.7439e-07
5.2453e-02
2.1023e-09
1.2186e-09
8.5748e-07
1.9610e-09
1.1331e-07
2.5179e-06
5.0816e-06
1.8123e-09
1.2018e-07
3.9829e-05
2.3145e-11
1.1648e-09
9.3346e-08
4.4969e-09
1.1478e-07
1.1457e-05
1.5958e-06
1.6570e-07
2.4442e-07
3.7258e-10
4.6865e-04
1.6945e-06
1.1478e-07
9.5708e-04
6.6400e-09
1.0153e-07
1.1926e-06
4.7482e-07
1.7512e-04
1.9295e-05
1.8603e-05
2.7727e-09
5.6268e-07
6.6384e-07
4.5615e-07
1.5542e-08
3.6327e-05
5.0310e-10
1.1789e-08
1.2963e-06
1.2804e-08
8.3883e-04
2.1846e-06
1.3605e-07
9.0247e-09
2.3055e-10
8.3898e-08
3.4008e-07
1.2859e-07
5.9548e-08
2.9513e-08
4.6341e-10
2.8875e-08
5.9751e-09
8.2642e-08
1.0123e-08
5.3791e-08
1.5106e-08
7.2824e-12
3.3770e-07
2.8780e-10
2.4842e-07
8.4138e-08
1.2087e-06
3.8081e-06
4.4912e-12
1.4097e-04
6.8239e-06
3.1947e-06
2.3564e-06
1.6890e-07
1.2417e-06
1.1588e-12
1.4962e-07
9.5639e-08
5.5331e-07
5.3082e-11
1.0977e-07
1.3912e-07
2.7915e-08
3.2976e-07
9.9387e-09
4.0420e-05
9.6470e-06
2.8930e-08
2.8056e-08
4.8453e-10
1.2474e-07
4.5077e-07
2.5002e-10
2.1593e-06
1.6323e-09
2.0006e-06
7.6581e-14
4.5527e-07
5.8430e-06
2.5612e-05
8.2730e-05
1.6702e-09
3.5903e-10
3.0799e-07
5.6504e-10
1.9711e-08
1.8561e-07
2.4390e-09
8.7033e-11
1.3727e-08
8.6459e-10
8.9134e-11
3.2537e-06
3.2850e-08
1.7842e-10
8.0113e-08
6.7316e-06
1.8522e-08
3.3582e-08
1.5033e-09
1.0642e-08
4.0755e-05
1.9030e-07
1.2813e-08
2.9623e-10
5.4841e-08
3.3383e-11
4.7160e-02
6.8036e-06
9.4145e-04
1.6383e-06
2.7359e-10
7.9638e-06
2.5560e-07
6.8751e-07
2.5690e-09
6.1904e-08
5.8375e-09
4.2671e-08
5.2759e-07
1.3967e-04
2.7521e-08
5.3010e-06
5.2903e-08
9.7962e-07
3.2279e-09
3.4325e-06
6.1359e-09
1.1546e-05
6.1056e-06
3.0878e-03
8.3554e-08
6.9209e-08
1.9854e-05
5.5126e-07
3.5256e-07
7.2963e-06
2.7813e-08
5.1087e-07
2.2396e-07
3.7431e-07
3.0111e-05
2.1679e-08
1.3186e-05
4.6356e-06
3.1808e-04
1.2493e-06
1.5802e-11
1.1999e-07
3.8167e-06
3.7786e-06
3.5209e-09
3.5732e-11
4.8300e-03
5.2874e-06
2.5101e-10
6.3579e-08
3.3582e-08
3.4513e-03
2.2950e-08
7.1017e-07
2.1012e-08
5.6029e-06
1.9598e-08
4.9329e-09
5.3317e-11
2.4307e-07
4.1866e-07
7.3864e-07
2.1614e-09
3.0538e-08
6.3904e-06
1.0195e-08
6.5768e-03
5.3402e-10
2.9611e-08
5.0097e-11
1.1225e-08
5.5002e-08
1.2873e-07
9.5010e-06
5.1022e-09
8.5706e-08
8.1899e-09
1.4533e-06
8.2408e-08
2.5884e-06
8.1698e-09
2.5716e-06
2.3762e-07
2.8917e-07
1.6789e-03
7.8146e-11
3.7728e-08
3.8194e-08
1.1886e-08
7.8069e-06
6.4869e-08
7.9665e-10
5.2652e-08
1.1532e-08
7.9819e-06
3.4431e-07
1.1665e-06
2.8777e-10
3.0325e-10
3.7407e-09
3.1948e-04
2.9183e-11
4.6343e-07
1.6162e-07
5.7734e-06
4.4934e-06
1.8845e-08
1.5317e-08
1.2903e-05
8.2161e-09
4.5052e-09
8.1601e-07
8.0993e-07
3.9326e-06
1.1284e-06
1.9130e-09
9.2162e-11
2.6714e-08
2.6753e-06
7.8129e-07
5.0512e-09
7.5601e-09
1.5985e-06
1.9651e-09
3.5848e-06
5.1164e-08
3.0888e-09
2.5010e-07
1.5628e-06
1.1519e-06
6.0609e-07
3.4435e-06
3.0324e-07
1.2844e-06
5.8444e-08
5.2275e-05
4.9151e-08
2.8803e-06
7.9439e-09
5.5973e-06
1.7749e-08
1.2578e-05
5.2973e-08
4.4482e-06
2.5964e-05
8.7384e-08
3.7074e-09
2.8392e-07
4.4570e-06
1.4295e-08
3.9156e-11
5.7656e-12
4.1082e-01
4.6342e-07
8.8154e-07
3.4665e-08
1.9528e-10
4.8521e-07
5.2590e-10
1.6529e-08
2.0479e-05
5.2460e-07
8.0233e-09
4.0453e-10
1.2945e-06
1.6791e-07
6.9248e-13
1.9075e-07
1.6220e-07
1.1061e-06
9.7748e-08
6.3695e-08
8.5379e-10
1.3665e-02
2.8523e-06
2.1121e-09
5.9289e-08
3.8547e-10
1.0423e-08
2.1160e-07
1.3425e-08
3.7955e-08
2.2586e-09
5.7389e-09
1.5603e-07
1.1570e-11
9.0816e-09
2.5191e-07
4.2957e-09
1.2597e-09
1.4234e-06
8.8324e-10
2.6715e-09
1.2878e-04
7.2125e-13
1.9366e-05
1.1417e-07
1.8732e-05
1.6877e-07
3.0582e-06
3.2131e-09
1.6154e-08
6.4099e-07
2.1778e-12
1.7492e-08
8.2520e-12
1.3140e-07
5.8701e-07
1.7808e-03
2.7130e-09
6.2476e-06
1.2856e-09
1.7975e-09
4.3543e-08
2.4856e-06
8.3927e-11
5.5911e-10
1.0474e-08
1.1667e-07
2.3018e-08
5.4889e-08
1.1371e-07
1.0367e-06
1.1110e-09
6.9925e-07
2.5446e-07
5.4156e-08
5.3984e-07
2.7177e-07
8.0979e-09
3.7393e-05
2.6161e-06
7.3545e-04
2.0490e-09
3.2528e-07
1.9464e-04
2.4127e-07
8.0327e-11
4.9645e-11
6.5197e-08
1.6168e-07
1.2965e-07
9.7149e-06
5.6692e-06
3.0939e-07
9.4120e-07
6.0725e-05
1.5131e-11
1.7121e-13
1.5323e-07
2.1721e-04
4.8907e-08
5.1583e-05
2.6625e-08
1.0582e-06
6.3205e-09
1.5871e-03
4.2120e-09
5.7450e-08
8.9483e-08
3.9711e-07
3.6669e-06
8.1214e-07
6.1880e-06
1.6959e-04
1.8238e-01
1.6911e-04
1.5772e-06
7.5028e-07
1.4088e-05
2.8490e-06
1.2811e-07
3.7158e-07
1.8908e-10
4.4412e-10
1.9792e-09
9.1959e-12
5.9638e-09
1.9982e-05
2.4545e-16
3.4682e-05
1.9861e-06
3.3132e-09
1.8115e-09
2.6026e-03
2.2014e-06
1.0535e-09
1.2186e-06
9.9563e-08
7.1621e-06
1.6895e-09
8.2495e-06
6.4648e-07
2.9570e-09
7.8138e-09
3.0091e-05
7.2215e-06
3.1373e-09
1.8232e-06
5.8335e-11
5.2310e-08
1.1822e-04
1.4830e-07
9.7688e-06
1.2796e-09
3.2206e-10
4.0491e-07
5.7933e-10
8.8438e-07
2.6226e-06
2.3463e-06
3.3593e-08
2.0781e-07
9.7758e-07
2.3318e-08
5.8174e-08
2.0726e-06
1.8223e-06
5.1660e-07
1.6812e-07
1.1828e-06
8.1492e-08
1.4817e-06
2.5867e-07
2.1367e-10
6.2971e-09
9.2767e-01
4.8630e-08
2.6412e-06
1.7205e-08
1.6782e-06
3.1645e-07
4.7382e-07
1.1849e-07
1.4398e-06
1.0892e-08
1.5090e-05
2.6501e-13
3.0844e-08
4.0319e-10
6.9761e-06
2.7530e-05
1.5756e-07
1.0455e-08
4.8284e-07
3.4970e-06
2.1956e-07
1.8715e-06
2.3645e-05
1.6053e-09
4.9650e-07
6.9225e-07
3.5728e-07
1.3108e-06
1.5919e-09
4.8882e-07
4.9252e-05
3.4337e-08
3.5446e-06
8.4974e-07
1.8276e-07
7.6999e-07
4.7904e-08
1.6482e-07
3.8712e-08
4.6826e-08
9.4245e-07
3.7978e-06
2.1872e-02
7.3925e-07
1.5366e-03
6.6137e-09
5.1230e-05
3.2030e-07
1.8179e-09
6.1462e-08
2.8941e-10
1.3414e-09
2.0130e-06
1.9577e-06
4.0268e-08
2.3020e-08
5.6231e-05
5.6484e-07
5.8020e-11
1.2574e-07
3.5606e-07
6.2011e-07
4.9258e-06
5.6380e-09
4.3213e-09
5.9659e-09
4.9358e-07
1.7205e-07
1.3003e-05
8.2082e-07
1.8102e-09
2.2819e-08
4.1470e-10
2.4374e-05
1.6167e-05
6.7333e-06
2.9116e-08
1.2244e-04
1.6461e-07
2.6123e-09
1.1303e-07
4.1157e-09
1.0557e-07
8.7972e-10
3.2670e-08
7.3439e-08
5.4415e-08
3.4219e-11
1.4616e-06
4.1923e-11
8.1037e-09
2.1979e-08
5.6622e-09
2.0649e-08
1.9265e-08
1.2859e-07
3.0230e-10
1.1520e-05
1.1382e-08
7.7833e-06
1.6202e-05
1.4756e-08
1.0245e-06
5.2026e-07
2.8302e-08
1.7435e-09
4.5601e-05
7.4362e-06
2.0049e-06
3.5855e-09
4.3133e-08
3.4720e-08
8.7055e-10
8.4437e-12
7.4484e-06
1.6833e-11
6.7306e-04
2.8275e-08
1.8207e-10
8.3346e-09
1.0523e-08
5.4603e-06
2.7360e-05
2.6783e-09
1.6198e-04
2.5225e-06
4.6074e-14
9.0332e-04
1.7311e-07
2.6174e-07
8.0710e-08
2.9802e-10
1.3177e-07
7.2793e-09
1.2168e-05
2.5470e-10
2.2056e-06
1.0375e-02
2.5842e-16
1.0133e-05
2.1943e-07
3.4285e-08
4.1591e-05
9.1253e-09
6.9191e-07
1.0259e-11
4.7703e-09
1.0683e-07
2.7338e-06
1.8501e-07
3.3935e-08
7.8128e-09
6.9111e-07
8.5366e-08
1.6017e-06
7.7757e-08
2.1877e-07
1.1823e-07
6.2666e-08
1.0466e-05
3.9733e-08
6.0400e-09
7.5671e-07
2.7036e-12
2.2328e-07
3.7365e-03
1.9776e-07
2.1934e-09
2.9073e-10
2.5955e-11
1.1998e-08
2.5520e-06
1.0304e-09
1.0964e-04
1.2503e-05
1.4693e-03
4.1060e-09
4.4262e-08
1.1151e-06
2.1801e-06
2.0168e-05
9.3237e-09
2.5578e-09
1.0612e-04
1.1987e-08
1.4747e-08
6.7488e-09
1.1744e-10
3.7044e-04
1.3453e-08
1.6464e-02
5.1253e-10
7.6148e-06
4.6161e-10
7.0677e-10
3.7595e-12
4.3887e-05
3.3341e-09
1.8968e-06
3.6922e-10
7.4242e-12
1.5243e-08
5.8873e-07
1.5390e-07
6.8739e-05
4.4590e-08
7.1865e-07
3.8862e-05
8.9098e-08
4.9736e-11
3.0957e-04
1.1834e-09
4.0495e-11
2.3527e-04
1.8756e-04
3.6203e-08
1.4763e-07
1.7524e-06
6.4952e-08
7.0730e-11
2.2670e-06
1.9210e-06
2.6205e-06
4.6088e-08
8.2920e-08
1.3554e-07
4.9340e-07
4.1257e-08
2.6571e-09
8.5936e-07
2.6204e-06
4.1798e-07
3.2189e-08
2.2550e-06
1.6024e-04
5.6340e-07
4.3517e-06
7.6070e-01
1.1615e-07
1.4835e-09
2.5502e-08
1.6200e-04
3.0503e-11
2.7615e-08
7.4714e-08
1.5425e-08
1.0223e-08
1.5270e-07
2.9336e-05
1.5166e-05
7.2454e-09
1.3112e-08
6.0391e-07
3.0418e-07
2.4474e-09
1.6187e-07
2.8504e-08
5.3260e-08
2.0432e-06
3.7648e-07
6.7024e-08
1.5999e-06
1.4460e-09
6.9762e-08
2.6838e-08
3.8039e-08
5.0347e-10
2.4211e-06
1.3887e-06
4.4489e-07
4.0330e-08
1.8584e-06
8.6581e-09
2.7856e-08
1.4895e-08
1.1217e-03
1.2515e-05
4.0990e-09
1.5569e-07
1.2192e-05
1.1162e-01
2.0587e-08
1.0196e-07
1.4905e-07
6.5079e-08
1.8516e-05
1.2442e-09
2.8994e-08
6.7892e-08
1.0758e-07
1.7084e-05
4.3634e-08
4.7198e-10
6.7445e-09
4.4460e-06
7.3429e-07
9.8802e-13
2.5403e-08
1.8026e-05
1.2010e-06
2.6062e-14
6.1125e-11
1.1851e-07
1.1412e-12
3.5987e-07
2.9687e-07
1.2520e-07
3.0055e-08
1.9057e-08
4.2594e-09
1.3997e-06
1.7277e-06
7.3481e-09
2.0530e-06
1.8958e-08
4.8857e-07
3.8718e-09
3.9272e-07
7.6081e-10
1.0419e-08
5.1603e-07
2.1929e-06
7.8065e-07
1.6794e-07
6.4589e-06
6.0392e-07
5.9477e-07
3.1689e-06
6.0755e-10
1.7771e-09
2.8083e-08
1.0826e-09
1.0562e-10
6.2534e-10
1.8400e-06
1.7945e-05
3.6288e-07
1.2777e-06
4.3454e-08
4.9071e-07
8.6613e-09
7.4437e-08
5.0552e-09
3.9676e-07
8.0779e-05
6.8442e-07
5.8021e-07
2.9907e-07
1.6439e-05
4.2843e-08
4.1402e-03
1.6315e-08
8.4134e-08
8.9550e-05
4.8153e-09
4.1245e-07
8.2695e-06
1.0064e-08
1.4365e-08
6.3414e-04
7.2484e-10
5.2526e-08
7.7671e-10
3.9192e-10
5.3797e-11
3.8088e-09
2.6546e-06
2.3421e-09
6.5384e-09
9.7096e-10
9.9004e-08
1.6558e-05
1.8036e-07
1.8542e-09
1.4260e-07
2.0648e-08
1.8214e-04
2.6890e-09
1.0581e-05
8.1216e-06
9.0496e-06
1.0576e-09
2.9041e-05
6.0184e-11
1.3380e-10
4.4883e-07
2.0649e-06
6.2370e-12
9.4249e-07
9.5205e-08
1.1480e-15
4.2683e-07
9.9665e-08
1.9573e-17
2.0266e-07
3.3528e-09
6.8483e-10
4.8542e-05
2.1783e-09
1.4376e-09
1.4705e-10
2.3581e-07
4.1901e-06
1.4141e-08
2.4080e-06
7.7041e-07
6.6353e-07
2.4338e-05
1.5472e-07
6.5875e-04
1.5349e-06
1.1595e-01
4.6301e-07
1.3615e-08
4.1221e-07
2.4746e-08
9.2102e-06
3.2628e-05
7.7880e-13
2.8882e-09
7.9511e-05
2.5677e-10
6.3638e-05
3.8965e-07
4.7327e-07
7.2828e-03
6.9990e-11
1.6553e-08
1.5706e-07
7.8898e-07
6.8706e-12
1.3048e-06
4.8641e-09
1.8701e-08
3.3241e-06
1.0707e-09
4.3867e-08
3.7769e-07
6.1686e-11
8.2429e-10
1.0065e-08
1.2546e-07
9.3880e-08
2.6244e-04
3.4465e-06
3.0868e-10
1.7095e-10
1.1186e-05
1.1038e-08
1.9411e-08
1.1092e-11
2.0790e-07
3.6708e-07
5.6232e-08
1.7966e-10
6.6423e-08
1.7988e-07
3.5554e-08
3.2401e-05
4.5197e-10
4.6094e-12
2.6268e-09
3.5772e-03
2.4745e-07
2.3540e-07
4.6079e-08
3.4293e-07
1.6620e-09
4.6953e-04
1.9980e-08
8.7932e-08
2.2134e-08
1.5564e-05
1.9234e-07
6.5496e-07
1.0554e-09
2.4770e-07
4.4582e-07
1.0874e-06
7.3078e-09
1.8811e-08
2.7616e-08
6.8960e-09
1.9591e-08
1.8919e-09
1.9792e-05
9.6676e-09
2.7810e-07
1.9120e-06
5.1371e-09
4.1408e-06
7.9907e-08
8.0780e-05
1.1724e-09
5.9248e-08
5.3362e-06
1.7901e-03
1.5687e-08
1.1653e-06
5.2547e-11
6.8908e-08
7.4482e-09
2.2038e-06
3.6769e-07
2.3298e-06
2.3001e-06
7.5135e-05
1.3311e-07
7.6231e-09
6.3908e-07
1.7824e-06
1.6023e-06
2.2929e-08
2.0185e-03
6.5958e-09
1.0435e-09
3.2691e-08
3.7020e-07
1.2116e-04
6.6300e-06
7.3954e-09
3.9434e-08
5.2804e-07
2.7118e-09
4.8237e-11
2.3834e-13
3.5231e-09
1.0470e-06
9.1540e-09
8.9088e-08
3.8275e-09
1.2243e-04
6.3380e-09
1.1309e-08
3.9169e-12
1.2751e-10
6.4148e-09
1.2624e-08
6.3196e-08
1.2547e-10
2.2876e-08
3.6233e-06
2.9415e-07
1.4557e-06
7.0845e-09
3.6347e-06
3.9871e-08
2.7160e-08
1.1434e-06
6.8101e-04
2.4010e-07
4.6571e-06
1.6088e-11
2.2556e-06
1.3424e-08
3.6544e-09
1.1923e-07
5.0242e-08
1.2753e-08
7.3624e-09
2.4434e-08
1.8391e-06
6.5831e-08
1.0960e-08
1.0818e-07
8.2494e-07
3.4788e-10
8.0667e-06
3.4928e-06
7.1398e-07
2.3129e-07
2.3024e-06
1.5681e-10
6.9116e-09
9.2413e-08
5.3720e-08
4.6056e-07
8.9797e-07
1.7350e-06
1.3875e-06
5.2562e-09
1.2506e-06
4.8783e-10
5.1290e-11
3.3021e-07
8.4302e-06
6.4655e-09
3.4502e-12
2.2390e-07
1.3465e-08
3.3885e-03
5.3412e-07
2.5884e-08
1.0320e-04
1.6114e-07
1.0679e-07
2.0531e-07
2.1312e-07
7.7399e-14
1.8290e-06
5.5976e-09
4.8286e-08
1.8347e-07
2.7716e-11
5.0850e-07
1.8985e-11
6.5305e-09
9.4332e-09
4.6570e-08
5.6513e-11
1.4076e-09
3.4180e-05
5.1897e-09
6.0192e-10
3.9141e-08
5.3634e-11
3.8170e-08
1.8479e-06
4.4308e-08
3.4413e-07
6.9077e-11
4.1641e-08
6.5406e-06
2.6081e-07
6.4378e-06
1.4176e-08
3.7021e-11
6.9072e-02
2.9206e-08
5.6272e-08
1.4463e-07
7.8105e-05
3.0688e-06
2.2855e-07
3.3252e-01
5.3794e-09
2.2483e-08
9.3806e-07
6.8029e-06
7.0837e-12
3.6149e-08
1.2781e-07
9.5749e-10
1.5118e-06
2.1093e-06
8.3574e-06
5.8830e-09
7.3777e-04
3.0972e-08
9.9321e-06
1.5336e-06
1.0150e-07
9.1741e-05
8.4471e-09
1.6793e-07
2.5976e-06
1.8670e-10
6.0489e-02
1.2165e-08
1.8156e-05
2.2557e-07
1.0097e-12
1.6148e-07
5.5681e-08
4.7310e-05
5.2766e-09
1.7174e-10
7.2180e-08
1.4030e-09
1.0103e-05
2.5845e-11
1.8542e-09
8.4465e-07
1.7172e-10
2.0464e-09
6.7659e-07
2.6364e-07
1.1217e-11
1.8219e-07
9.4033e-09
2.5955e-07
3.6405e-06
3.4762e-07
7.3268e-12
2.3901e-05
3.3836e-10
3.5918e-07
7.9672e-06
4.2797e-08
5.8508e-10
7.0816e-06
3.6515e-05
8.6530e-13
3.1842e-08
6.7499e-05
1.0478e-06
1.8232e-06
5.0639e-06
1.6118e-06
1.8642e-06
6.3851e-05
2.2012e-07
9.7027e-14
3.3054e-06
4.1400e-06
1.9569e-08
5.1425e-11
8.8723e-11
7.3964e-07
9.5475e-06
2.9801e-07
3.5224e-05
1.0081e-10
3.3533e-08
6.6455e-07
1.7355e-04
3.2475e-09
5.1315e-06
3.4353e-07
1.9473e-08
3.4527e-12
1.8612e-09
8.6966e-08
3.1609e-06
6.9355e-11
9.7712e-07
1.6150e-05
5.3925e-07
1.4283e-06
1.0728e-08
6.0987e-09
1.0336e-11
2.4515e-10
2.1106e-06
3.3673e-06
3.8468e-07
4.4740e-09
5.2765e-12
1.2419e-05
5.3949e-09
5.6666e-09
1.6498e-09
7.5773e-07
4.2486e-07
2.3646e-07
7.2762e-07
2.8657e-09
1.6401e-06
3.2783e-07
3.1864e-08
4.8598e-07
3.0526e-09
4.8303e-05
1.1400e-07
2.0299e-06
6.8653e-06
6.1326e-08
1.4024e-06
8.6640e-08
1.1025e-07
3.3941e-06
1.8871e-07
2.6411e-05
1.0334e-06
2.2870e-10
7.9903e-09
1.3575e-08
3.9870e-12
1.0620e-08
2.4574e-07
6.9890e-09
9.5885e-07
1.6186e-07
2.7187e-10
3.1527e-05
9.3035e-06
5.2246e-09
1.1420e-07
4.1665e-08
6.6433e-05
4.8363e-05
1.5232e-09
2.8693e-08
1.0093e-09
1.9587e-08
3.7658e-09
1.2172e-08
2.3006e-07
2.1444e-06
2.7950e-09
3.5595e-10
1.7207e-08
7.8240e-06
2.9485e-08
4.6971e-06
8.2666e-09
1.6778e-07
2.1574e-12
2.4789e-09
1.8297e-15
3.1246e-10
3.3243e-08
5.1922e-09
5.7286e-11
9.7640e-08
1.9689e-04
2.3187e-09
6.2404e-07
3.2921e-07
1.7854e-08
3.5011e-10
9.6324e-08
2.5377e-09
1.8488e-06
4.0870e-10
6.0835e-06
8.7472e-08
1.0773e-05
2.2369e-10
3.3000e-04
3.5884e-06
2.7397e-09
1.2677e-05
1.9060e-09
2.4271e-07
1.3964e-08
1.1642e-06
7.8111e-10
1.1161e-10
8.7341e-12
2.2050e-06
2.0525e-09
3.7961e-09
6.1063e-12
1.0961e-08
3.3936e-12
2.8412e-12
1.9809e-06
1.3757e-04
2.5036e-09
1.9714e-09
1.4491e-06
1.1729e-08
8.4840e-06
4.0944e-03
3.4043e-07
1.3275e-05
1.0671e-11
1.0052e-07
3.8356e-14
1.4338e-09
4.1190e-12
8.1758e-05
3.9199e-08
4.1163e-11
1.4213e-09
1.5666e-07
3.5236e-07
1.0410e-04
3.0782e-08
6.9496e-07
6.5142e-08
1.8629e-05
5.1331e-10
2.3603e-05
1.4486e-05
3.3064e-03
1.7975e-11
7.9277e-09
1.9739e-08
6.2932e-08
6.0264e-10
7.5988e-07
2.7515e-08
2.6647e-05
7.6276e-08
2.1634e-11
8.4945e-09
7.0514e-10
5.9286e-07
1.6369e-05
8.9720e-07
1.8271e-07
1.5731e-08
2.3327e-07
1.2752e-05
1.6966e-10
5.8290e-08
5.4867e-09
1.0373e-07
1.0807e-12
2.4738e-08
3.3820e-10
7.8136e-12
1.5132e-06
5.2831e-05
3.2582e-05
3.2490e-08
1.8908e-08
1.1766e-08
3.9771e-09
4.5908e-07
1.2923e-09
9.7076e-13
9.7150e-10
1.5417e-07
1.4579e-07
7.4256e-05
1.4750e-07
1.7724e-09
8.7355e-07
5.3279e-07
4.3306e-10
7.0474e-10
1.3622e-05
2.0700e-06
8.9819e-12
4.8127e-03
1.1355e-05
3.0739e-07
1.5861e-07
1.0919e-14
7.4209e-09
2.7655e-08
1.8789e-05
1.1049e-05
4.7659e-05
3.7237e-08
1.7057e-07
2.6527e-08
4.7409e-05
1.0629e-08
1.4883e-08
7.5471e-11
5.2524e-05
1.9290e-06
7.5917e-08
2.6246e-08
5.2403e-08
8.9275e-08
1.4276e-06
2.0370e-05
1.0840e-08
4.4564e-08
5.0183e-03
4.3591e-07
1.7492e-11
3.2932e-08
4.1021e-08
1.1155e-07
2.5466e-10
6.7723e-07
8.8552e-08
9.5847e-06
3.7228e-09
4.4718e-09
7.1643e-07
8.8205e-09
1.0685e-07
2.2420e-06
3.9395e-06
1.2693e-10
1.0492e-08
1.7420e-07
1.2328e-06
2.7126e-07
1.7820e-07
7.5182e-05
3.2760e-07
2.2023e-09
4.0857e-10
7.5248e-07
1.4593e-05
7.4099e-10
3.4557e-06
4.9324e-08
3.3365e-06
1.2791e-06
6.2845e-08
8.8387e-06
7.6699e-06
1.5468e-05
2.2292e-12
8.3472e-09
1.3910e-08
1.2686e-07
1.2822e-07
4.0141e-03
9.1338e-12
3.5319e-07
2.4483e-07
1.1613e-10
1.3419e-08
6.4797e-05
8.0293e-11
1.0704e-06
1.2909e-08
2.7724e-06
5.6962e-07
3.1821e-08
4.8595e-14
1.4678e-08
4.7131e-08
5.7914e-10
3.8236e-04
1.3992e-08
5.5680e-05
5.2440e-08
9.3987e-08
3.2652e-07
2.9428e-09
6.9286e-08
3.0758e-09
9.7349e-08
6.5142e-10
3.0136e-08
1.1816e-09
5.6750e-06
4.3015e-10
3.5774e-07
2.0414e-05
1.1917e-08
4.4321e-06
5.4040e-07
1.6332e-04
4.6605e-09
3.0491e-08
5.5016e-07
2.8272e-08
2.8190e-11
1.5018e-08
1.3434e-05
2.7321e-06
2.9822e-09
1.3928e-08
1.3336e-10
3.1470e-06
2.3662e-08
4.1530e-06
4.8301e-06
9.3371e-08
5.1640e-05
1.5074e-04
4.3018e-08
4.3594e-09
2.6659e-08
2.1993e-11
3.3800e-07
7.3769e-08
3.0146e-08
2.0652e-05
4.8179e-12
1.8778e-07
1.1495e-07
8.0815e-05
3.7329e-07
4.1797e-06
1.4297e-09
1.6453e-07
8.3481e-09
6.6896e-07
5.8160e-11
9.2959e-02
1.9337e-05
2.9252e-08
